% Sample   Time     Encoder 1 Pos   Encoder 2 Pos   Control Effort

datos=[    0    0.000           1.000           0.000          0.2500;
     1    0.004           1.031           0.000          0.2500;
     2    0.009           5.219           0.031          0.2500;
     3    0.013          11.375           0.031          0.2500;
     4    0.018          19.844           0.031          0.2500;
     5    0.022          30.688           0.031          0.2500;
     6    0.027          43.969           0.031          0.2500;
     7    0.031          59.500           1.188          0.2500;
     8    0.035          77.031           1.375          0.2500;
     9    0.040          96.656           1.563          0.2500;
    10    0.044         118.188           2.031          0.2500;
    11    0.049         141.719           2.281          0.2500;
    12    0.053         167.188           3.313          0.2500;
    13    0.058         194.500           4.438          0.2500;
    14    0.062         223.375           6.063          0.2500;
    15    0.066         253.813           8.156          0.2500;
    16    0.071         285.156          10.813          0.2500;
    17    0.075         319.313          14.406          0.2500;
    18    0.080         354.625          18.656          0.2500;
    19    0.084         391.063          24.031          0.2500;
    20    0.089         428.813          30.469          0.2500;
    21    0.093         467.938          38.031          0.2500;
    22    0.097         507.906          46.813          0.2500;
    23    0.102         548.625          56.719          0.2500;
    24    0.106         590.156          68.156          0.2500;
    25    0.111         632.313          80.844          0.2500;
    26    0.115         675.000          95.094          0.2500;
    27    0.120         717.781         110.719          0.2500;
    28    0.124         761.063         128.000          0.2500;
    29    0.128         804.344         146.875          0.2500;
    30    0.133         848.094         167.906          0.2500;
    31    0.137         891.844         190.656          0.2500;
    32    0.142         936.000         215.500          0.2500;
    33    0.146         980.156         242.188          0.2500;
    34    0.151        1024.250         271.250          0.2500;
    35    0.155        1068.125         302.344          0.2500;
    36    0.159        1112.000         335.813          0.2500;
    37    0.164        1155.531         371.250          0.2500;
    38    0.168        1199.094         408.906          0.2500;
    39    0.173        1242.438         448.719          0.2500;
    40    0.177        1285.219         490.781          0.2500;
    41    0.182        1328.000         535.094          0.2500;
    42    0.186        1370.344         581.125          0.2500;
    43    0.190        1412.063         629.281          0.2500;
    44    0.195        1453.344         679.500          0.2500;
    45    0.199        1494.219         731.656          0.2500;
    46    0.204        1534.313         785.469          0.0000;
    47    0.208        1571.844         841.125          0.0000;
    48    0.213        1606.781         898.656          0.0000;
    49    0.217        1639.750         958.156          0.0000;
    50    0.221        1670.281        1019.375          0.0000;
    51    0.226        1698.875        1082.188          0.0000;
    52    0.230        1725.188        1146.719          0.0000;
    53    0.235        1749.969        1213.000          0.0000;
    54    0.239        1773.094        1280.719          0.0000;
    55    0.243        1794.906        1349.719          0.0000;
    56    0.248        1814.875        1419.969          0.0000;
    57    0.252        1833.719        1490.906          0.0000;
    58    0.257        1851.000        1562.625          0.0000;
    59    0.261        1867.188        1634.750          0.0000;
    60    0.266        1882.375        1707.281          0.0000;
    61    0.270        1896.375        1779.750          0.0000;
    62    0.274        1909.563        1851.844          0.0000;
    63    0.279        1922.281        1923.500          0.0000;
    64    0.283        1934.188        1994.656          0.0000;
    65    0.288        1946.125        2065.188          0.0000;
    66    0.292        1957.563        2134.906          0.0000;
    67    0.297        1969.469        2203.813          0.0000;
    68    0.301        1981.344        2271.656          0.0000;
    69    0.305        1994.125        2338.281          0.0000;
    70    0.310        2007.438        2405.313          0.0000;
    71    0.314        2021.438        2469.750          0.0000;
    72    0.319        2036.656        2532.844          0.0000;
    73    0.323        2052.813        2593.625          0.0000;
    74    0.328        2069.969        2652.969          0.0000;
    75    0.332        2088.375        2710.063          0.0000;
    76    0.336        2107.781        2764.906          0.0000;
    77    0.341        2128.594        2817.188          0.0000;
    78    0.345        2150.750        2867.156          0.0000;
    79    0.350        2174.438        2914.438          0.0000;
    80    0.354        2199.906        2959.250          0.0000;
    81    0.359        2226.781        3001.063          0.0000;
    82    0.363        2255.375        3040.438          0.0000;
    83    0.367        2285.844        3077.031          0.0000;
    84    0.372        2318.438        3111.031          0.0000;
    85    0.376        2352.219        3142.344          0.0000;
    86    0.381        2387.031        3171.250          0.0000;
    87    0.385        2424.094        3197.656          0.0000;
    88    0.390        2463.219        3221.750          0.0000;
    89    0.394        2504.000        3243.531          0.0000;
    90    0.398        2546.438        3262.719          0.0000;
    91    0.403        2590.344        3279.594          0.0000;
    92    0.407        2635.781        3294.094          0.0000;
    93    0.412        2682.688        3306.375          0.0000;
    94    0.416        2730.531        3316.688          0.0000;
    95    0.421        2779.094        3324.656          0.0000;
    96    0.425        2828.594        3330.438          0.0000;
    97    0.429        2878.844        3334.719          0.0000;
    98    0.434        2930.000        3337.156          0.0000;
    99    0.438        2981.375        3338.344          0.0000;
   100    0.443        3033.531        3339.000          0.0000;
   101    0.447        3085.656        3339.000          0.0000;
   102    0.452        3138.438        3336.938          0.0000;
   103    0.456        3191.156        3334.500          0.0000;
   104    0.460        3243.844        3331.781          0.0000;
   105    0.465        3296.531        3329.156          0.0000;
   106    0.469        3348.719        3326.375          0.0000;
   107    0.474        3400.531        3323.781          0.0000;
   108    0.478        3451.656        3321.688          0.0000;
   109    0.483        3501.750        3319.813          0.0000;
   110    0.487        3550.875        3318.344          0.0000;
   111    0.491        3598.875        3317.531          0.0000;
   112    0.496        3645.344        3317.031          0.0000;
   113    0.500        3690.469        3317.031          0.0000;
   114    0.505        3733.406        3318.531          0.0000;
   115    0.509        3774.719        3320.813          0.0000;
   116    0.514        3814.188        3324.750          0.0000;
   117    0.518        3851.875        3329.719          0.0000;
   118    0.522        3887.750        3336.375          0.0000;
   119    0.527        3921.563        3344.469          0.0000;
   120    0.531        3953.375        3354.031          0.0000;
