m1=2;
m2=2;
K=273;
b=8;